sky1
{
0.290196 0.423530 0.658824
0.000000 0.000000 0.000000
0.000000 0.000000 0.000000
85.000000 0.000000 0.000000
}

sky2
{
0.250980 0.384313 0.619608
0.000000 0.000000 0.000000
0.000000 0.000000 0.000000
85.000000 120.000000 0.000000
}

sky3
{
0.211766 0.345098 0.580392
0.000000 0.000000 0.000000
0.000000 0.000000 0.000000
85.000000 240.000000 0.000000
}


{
0.137255 0.223530 0.356863
0.000000 0.000000 0.000000
0.000000 0.000000 0.000000
305.000000 0.000000 0.000000
}


{
0.098039 0.184314 0.317647
0.000000 0.000000 0.000000
0.000000 0.000000 0.000000
305.000000 120.000000 0.000000
}


{
0.058824 0.145098 0.278432
0.000000 0.000000 0.000000
0.000000 0.000000 0.000000
305.000000 240.000000 0.000000
}

moon
{
1.000000 0.996078 0.858824
0.000000 0.000000 0.000000
0.000000 0.000000 0.000000
62.000000 37.000000 0.000000
}

